MMM:0.430327868852459
GE:0.36065573770491804
UTX:0.4344262295081967
UNH:0.3524590163934426
WMT:0.3401639344262295
XOM:0.36475409836065575
INTC:0.39166666666666666
T:0.36475409836065575
JNJ:0.3524590163934426
JPM:0.3975409836065574
IBM:0.4344262295081967
DD:0.44672131147540983
CAT:0.4344262295081967
MSFT:0.42738589211618255
CSCO:0.45643153526970953
TRV:0.38114754098360654
KO:0.36475409836065575
HD:0.4016393442622951
AXP:0.42213114754098363
PFE:0.3401639344262295
DIS:0.3975409836065574
BAC:0.36065573770491804
BA:0.38934426229508196
HPQ:0.4385245901639344
AA:0.36475409836065575
MRK:0.36065573770491804
MCD:0.3975409836065574
PG:0.36475409836065575
CVX:0.4262295081967213
VZ:0.319672131147541
